3 0.1005390625 0.23563380281690144 0.026078125 0.03981220657276995
1 0.42992187499999995 0.718661971830986 0.061312500000000006 0.09737089201877934
1 0.5298437500000001 0.5464671361502348 0.0335625 0.0769718309859155
3 0.30575781249999995 0.40063380281690136 0.021921875 0.009718309859154929
1 0.57603125 0.6253051643192488 0.0391875 0.11774647887323943
1 0.40131250000000007 0.6328521126760565 0.0383125 0.1458920187793427
1 0.40652343750000003 0.5449530516431925 0.038296875 0.044741784037558685
1 0.591421875 0.5971009389671361 0.03125 0.1437793427230047
1 0.45310937500000004 0.5835328638497653 0.02765625 0.09870892018779343
1 0.34445312499999997 0.37258215962441316 0.02190625 0.04751173708920187
