1 0.1361171875 0.9365277777777778 0.040140625 0.05366666666666667
1 0.0907421875 0.9413055555555556 0.044484375 0.04644444444444444
1 0.4361484375 0.4447083333333333 0.030671874999999998 0.03719444444444445
1 0.3366328125 0.7817083333333332 0.024015625 0.025861111111111112
1 0.383703125 0.7825277777777777 0.0305 0.02188888888888889
1 0.3712890625 0.4452361111111111 0.032578125 0.035416666666666666
1 0.1527265625 0.7800555555555555 0.030203124999999997 0.02822222222222222
1 0.17521875 0.916263888888889 0.026750000000000003 0.06597222222222222
1 0.64503125 0.4143055555555555 0.046468749999999996 0.08738888888888889
1 0.6152421875 0.43798611111111113 0.020640625000000003 0.017972222222222223
1 0.5824843749999999 0.4346111111111111 0.018625 0.03733333333333333
1 0.540265625 0.4460694444444444 0.027000000000000003 0.030805555555555555
1 0.23591406250000002 0.7813055555555555 0.025265625000000003 0.024444444444444446
1 0.39765625 0.5097222222222222 0.5921875 0.8638888888888889
