2 0.6556171875 0.3842708333333333 0.23595312499999999 0.40449999999999997
3 0.685109375 0.7022395833333334 0.22415625 0.11910416666666666
3 0.769203125 0.4663541666666667 0.10259375 0.33804166666666663
3 0.6598359374999999 0.1342708333333333 0.234265625 0.16404166666666667
3 0.085109375 0.16854166666666667 0.17021875 0.18875
3 0.511515625 0.6640520833333333 0.11965624999999999 0.2539375
3 0.9263828125 0.7424895833333333 0.147234375 0.2721041666666667
3 0.34044531250000004 0.7191041666666667 0.13482812500000002 0.29662499999999997
3 0.1085625 0.5667291666666666 0.15709375 0.22558333333333333
3 0.5097421875 0.4084583333333333 0.142328125 0.21941666666666665
3 0.2055078125 0.3571666666666667 0.105640625 0.3157916666666667
3 0.9132109374999999 0.93634375 0.173578125 0.1273125
3 0.8628984375 0.76065625 0.13379687499999998 0.3168125
3 0.6600078125000001 0.8724791666666667 0.343109375 0.19133333333333333
3 0.5046875 0.5 0.9875 0.9958333333333333
