1 0.515484375 0.9044895833333333 0.07346875 0.0888125
1 0.754109375 0.8934583333333334 0.07659375 0.08079166666666666
1 0.5137265625 0.7740520833333332 0.048359374999999996 0.034979166666666665
1 0.6775390625 0.8091979166666666 0.049953125 0.04410416666666667
1 0.7382109375 0.8419375 0.069015625 0.049291666666666664
1 0.634625 0.88934375 0.07375000000000001 0.0815625
1 0.6206328125 0.8392395833333333 0.066703125 0.0450625
1 0.69759375 0.8893854166666667 0.0675 0.07727083333333334
1 0.5785625 0.8886145833333334 0.06921875 0.0843125
1 0.5129531249999999 0.84959375 0.06434375 0.057979166666666665
1 0.56525 0.8346770833333333 0.06634375 0.0460625
1 0.6756249999999999 0.8370833333333334 0.06465625 0.04225
1 0.7206015625 0.804625 0.06489062500000001 0.035375000000000004
1 0.609375 0.7895833333333333 0.259375 0.09583333333333334
