3 0.6152031250000001 0.5073854166666667 0.0239375 0.014812500000000001
1 0.4188203125 0.14426041666666667 0.052234375 0.0516875
1 0.773171875 0.8865416666666666 0.03771875 0.04566666666666667
1 0.8253984375 0.8401458333333333 0.028765625 0.042416666666666665
1 0.8661562500000001 0.8709895833333333 0.0203125 0.042937499999999997
1 0.8881328125 0.7704270833333332 0.030953124999999998 0.04127083333333333
1 0.7762890625 0.9801458333333334 0.048328125 0.03958333333333333
1 0.8435 0.870125 0.0350625 0.051958333333333336
1 0.8840937500000001 0.80653125 0.0389375 0.03135416666666667
1 0.8093125000000001 0.9486458333333334 0.0486875 0.04683333333333333
