3 0.46089062500000005 0.832576112412178 0.12265625 0.0980327868852459
3 0.5568984375 0.6481381733021078 0.11089062499999999 0.16269320843091334
3 0.9040703125 0.6561826697892271 0.101953125 0.18426229508196723
3 0.59746875 0.4011241217798595 0.1124375 0.07414519906323185
3 0.52703125 0.5137002341920375 0.08349999999999999 0.18463700234192038
3 0.747078125 0.6328688524590165 0.13925 0.11430913348946137
3 0.5065859375 0.505023419203747 0.12176562500000002 0.08203747072599532
3 0.3908046875 0.27298594847775176 0.11560937499999999 0.1094847775175644
3 0.6834296875 0.7901288056206088 0.080921875 0.18367681498829042
3 0.5970078125 0.8026229508196722 0.121296875 0.08370023419203748
3 0.36707812500000003 0.5740749414519907 0.07396875 0.15400468384074942
3 0.7841171874999999 0.5279625292740047 0.139078125 0.14370023419203748
3 0.3709609375 0.4636065573770492 0.135359375 0.1320374707259953
3 0.525 0.5081967213114754 0.946875 0.9789227166276346
