3 0.10977343749999999 0.6167395833333332 0.141359375 0.16568750000000002
1 0.82584375 0.7206666666666667 0.2561875 0.4404583333333333
1 0.7457421875000001 0.10491666666666667 0.034546875 0.065375
1 0.7667109375 0.1219375 0.028953125000000003 0.05370833333333334
1 0.7122421875 0.0955 0.021765625 0.06495833333333333
1 0.7319375 0.09790625000000001 0.02353125 0.06160416666666667
1 0.47830468749999994 0.05247916666666667 0.015109375 0.0375
1 0.41446875 0.03166666666666666 0.00953125 0.051875
1 0.49126562499999993 0.05472916666666667 0.01625 0.04458333333333333
1 0.6904375 0.09345833333333334 0.026437500000000003 0.06266666666666666
