3 0.6904399999999999 0.5958199999999999 0.15008000000000002 0.18008000000000002
3 0.10993 0.73261 0.04358 0.038259999999999995
3 0.11636 0.6013000000000001 0.04152 0.049159999999999995
3 0.07088 0.42716000000000004 0.06884 0.03548
3 0.05694 0.27188 0.00592 0.00484
3 0.8609 0.29723 0.0378 0.04038
3 0.8670599999999999 0.5631499999999999 0.02156 0.0375
3 0.77334 0.90899 0.024399999999999998 0.04418
3 0.93269 0.41568 0.02218 0.0296
3 0.07433 0.12866999999999998 0.0597 0.06042
3 0.22477 0.09326999999999999 0.02998 0.03782
3 0.39014 0.09918 0.02076 0.02624
3 0.61802 0.08836999999999999 0.014839999999999999 0.02282
