3 0.7171700000000001 0.82416 0.038380000000000004 0.055413333333333335
1 0.16205 0.28933333333333333 0.030100000000000002 0.06224
1 0.89674 0.8876533333333333 0.03628 0.07253333333333332
1 0.16301000000000002 0.39977333333333337 0.03886 0.09010666666666667
1 0.19785 0.44716 0.04182 0.0988
1 0.9125899999999999 0.9463866666666666 0.047619999999999996 0.07832
1 0.32852 0.25697333333333333 0.0268 0.05928
1 0.9330499999999999 0.20049333333333333 0.033299999999999996 0.06472
1 0.9589799999999999 0.8771466666666666 0.040119999999999996 0.06645333333333334
1 0.19321000000000002 0.19214666666666666 0.03982 0.05869333333333334
1 0.7965699999999999 0.9645733333333334 0.053020000000000005 0.06797333333333333
1 0.80948 0.9805866666666666 0.055560000000000005 0.034453333333333336
1 0.34119 0.13742666666666667 0.01838 0.03496
1 0.85733 0.9742533333333334 0.05802 0.048613333333333335
1 0.933 0.16933333333333334 0.05 0.029333333333333333
