1 0.5126640625000001 0.900164705882353 0.09035937499999999 0.19967058823529413
1 0.41498437499999996 0.4571529411764706 0.047843750000000004 0.1532235294117647
1 0.17859375 0.6999411764705883 0.07128124999999999 0.14882352941176472
1 0.066796875 0.5820941176470588 0.06471875 0.15035294117647058
1 0.522296875 0.7940117647058824 0.0835625 0.09663529411764706
1 0.0518671875 0.7573529411764706 0.08054687499999999 0.18096470588235294
1 0.114484375 0.6421411764705882 0.06625 0.18192941176470587
1 0.5194765625 0.3938705882352941 0.053359375 0.1343294117647059
1 0.0827734375 0.6062 0.070703125 0.13098823529411766
1 0.5722109375 0.7863882352941176 0.07876562499999999 0.19649411764705885
1 0.3621171875 0.7850117647058823 0.100828125 0.2243764705882353
1 0.230328125 0.6135529411764705 0.06168749999999999 0.14183529411764706
1 0.5046875 0.5435294117647059 0.953125 0.908235294117647
