3 0.5903828125 0.7848481308411214 0.030609375 0.03077102803738318
3 0.599375 0.6516588785046729 0.062343749999999996 0.027242990654205608
1 0.3790703125 0.9252102803738318 0.064546875 0.14957943925233644
1 0.613890625 0.4266822429906542 0.017656250000000002 0.04172897196261682
1 0.5427578125 0.6747780373831774 0.037671875 0.10352803738317758
1 0.44040625 0.8992523364485981 0.05696875 0.16070093457943926
1 0.4926953125 0.8479322429906543 0.050671875 0.14810747663551402
1 0.3990703125 0.8198481308411214 0.048765625 0.10002336448598131
1 0.45197656249999996 0.6723364485981308 0.036421875 0.10294392523364486
1 0.4615078125 0.6384228971962617 0.032859375 0.10170560747663551
1 0.5219140624999999 0.5445327102803739 0.021953125 0.07981308411214952
1 0.5635546874999999 0.5647079439252336 0.028578125 0.08572429906542056
1 0.6114296875 0.47653037383177566 0.020640625000000003 0.060630841121495326
1 0.567640625 0.4599766355140187 0.02396875 0.05976635514018691
