3 0.19584374999999998 0.9588203125 0.0968125 0.057828124999999994
3 0.3233645833333333 0.800984375 0.0811875 0.0201875
3 0.8178229166666667 0.9410937500000001 0.10022916666666666 0.03340625
1 0.7387291666666667 0.832546875 0.07375 0.1231875
1 0.5173020833333334 0.5535078125 0.020729166666666667 0.040140625
1 0.5566041666666667 0.564234375 0.02175 0.026437500000000003
3 0.583625 0.625078125 0.03754166666666667 0.010562499999999999
3 0.6161249999999999 0.6549375000000001 0.043583333333333335 0.01009375
3 0.3123229166666667 0.677375 0.0458125 0.0136875
3 0.29098958333333336 0.6686796875000001 0.01872916666666667 0.011078125
1 0.4199583333333334 0.5232421875 0.016916666666666667 0.022390625
1 0.40748958333333335 0.5663203125 0.013979166666666666 0.020015625000000002
1 0.4426979166666667 0.602296875 0.028895833333333332 0.02
3 0.5044791666666666 0.506890625 0.016458333333333335 0.00559375
1 0.36052083333333335 0.6326796875 0.02475 0.027671875000000002
