1 0.79809375 0.7723888888888889 0.0124375 0.03161111111111111
1 0.7467343750000001 0.7586111111111111 0.01771875 0.034944444444444445
1 0.901375 0.7928472222222223 0.01640625 0.04413888888888889
1 0.7386874999999999 0.7988888888888888 0.017343749999999998 0.06255555555555556
1 0.8482031250000001 0.7798194444444445 0.012968750000000001 0.015250000000000001
1 0.8846562499999999 0.8129861111111112 0.0160625 0.03636111111111111
1 0.7031328125 0.7921944444444446 0.013578125 0.04566666666666667
1 0.7832343749999999 0.7677222222222222 0.023125 0.05238888888888889
1 0.760484375 0.7989305555555556 0.0203125 0.06458333333333334
1 0.78871875 0.8100277777777778 0.02615625 0.03855555555555556
1 0.8349609375 0.8095416666666667 0.014484374999999999 0.03525
1 0.8044296875000001 0.8089583333333334 0.016265625 0.04047222222222222
1 0.8201171875 0.811125 0.018453125 0.04113888888888889
1 0.8477968749999999 0.8107777777777778 0.01303125 0.035222222222222224
1 0.74375 0.7916666666666666 0.25625 0.1
