3 0.7130156249999999 0.6041882352941177 0.01759375 0.04663529411764706
1 0.838140625 0.6221882352941177 0.0480625 0.07383529411764705
1 0.516140625 0.7736352941176471 0.055125 0.06585882352941176
1 0.644140625 0.6293294117647059 0.055437499999999994 0.08181176470588236
1 0.5044765625 0.8539176470588236 0.061609375 0.10915294117647059
1 0.5033828124999999 0.9474235294117647 0.070609375 0.09828235294117647
1 0.4505 0.6669529411764706 0.03503125 0.06374117647058823
1 0.477625 0.7117529411764706 0.05290625 0.08623529411764705
3 0.40457031250000003 0.8731176470588236 0.070046875 0.053011764705882355
3 0.8199296875 0.2648 0.015640625 0.04451764705882354
1 0.4891953125 0.6391058823529412 0.045140625000000004 0.07284705882352942
