1 0.25 0.5088541666666667 0.04184375 0.043333333333333335
1 0.1971484375 0.5136875 0.036296875 0.04066666666666666
1 0.2919375 0.5015104166666666 0.031468750000000004 0.033604166666666664
1 0.3228828125 0.4929895833333333 0.031234374999999998 0.0323125
1 0.26614062499999996 0.5047083333333333 0.033937499999999995 0.04425
1 0.8133281250000002 0.3018125 0.0240625 0.04454166666666667
1 0.8441015625 0.30563541666666666 0.023734375 0.0285625
1 0.7956875 0.314125 0.00978125 0.017083333333333332
1 0.2791328125 0.4430104166666667 0.027734375 0.03927083333333334
1 0.220984375 0.50715625 0.0239375 0.04210416666666667
