1 0.1122890625 0.3065416666666667 0.020328125 0.0355
1 0.11958593749999999 0.4421041666666667 0.017890625 0.03066666666666667
1 0.55384375 0.28007291666666667 0.01878125 0.03177083333333333
1 0.573921875 0.30040625 0.021812500000000002 0.027604166666666666
1 0.8591484375 0.6302604166666668 0.040609374999999996 0.0501875
1 0.5734843749999999 0.3190104166666667 0.02034375 0.010770833333333334
1 0.8226875000000001 0.6652291666666666 0.03775 0.04429166666666667
1 0.08415625 0.447125 0.02371875 0.014166666666666666
1 0.46586718750000006 0.38977083333333334 0.028828125 0.03166666666666666
1 0.5545078125 0.2962916666666667 0.017734375 0.0055000000000000005
1 0.101296875 0.44234375000000004 0.02375 0.0373125
1 0.13206250000000003 0.3489375 0.01575 0.01608333333333333
1 0.131546875 0.3266875 0.01528125 0.028083333333333335
1 0.3078125 0.41770833333333335 0.46875 0.20625
