2 0.500578125 0.5100988142292491 0.11281250000000001 0.5078656126482214
2 0.9052187500000001 0.4775296442687747 0.0995 0.6584584980237155
2 0.6924765625 0.595889328063241 0.356984375 0.7452964426877471
2 0.41272656249999995 0.6345849802371542 0.096265625 0.5505138339920949
2 0.6216875 0.6252371541501976 0.12015625 0.6818577075098814
2 0.8180546875000001 0.33383399209486164 0.075390625 0.26411067193675886
2 0.7182265625 0.7561857707509881 0.102171875 0.42470355731225296
2 0.625390625 0.19326086956521737 0.0959375 0.2876284584980237
2 0.37887499999999996 0.3101185770750988 0.11281250000000001 0.3415810276679842
2 0.7235546875000001 0.3674110671936759 0.109265625 0.3168774703557312
2 0.33475781250000003 0.7025098814229249 0.101609375 0.3632806324110672
2 0.28146875 0.5981620553359683 0.11925 0.4357707509881423
2 0.31409374999999995 0.25223320158102763 0.1044375 0.2569565217391305
2 0.5 0.4407114624505929 0.996875 0.8814229249011858
