1 0.4353359375 0.56711943793911 0.017703125 0.02224824355971897
1 0.4518671875000001 0.5645667447306792 0.014765625 0.018548009367681497
1 0.46534375 0.520807962529274 0.0318125 0.02597189695550351
1 0.47592187499999994 0.5539344262295082 0.02484375 0.04496487119437939
1 0.11577343749999999 0.5631967213114755 0.040453125 0.05459016393442623
1 0.4948203125 0.4944379391100703 0.029484375 0.026252927400468386
1 0.4647578125 0.4968266978922717 0.029671874999999997 0.025456674473067913
1 0.14745312500000002 0.5672365339578455 0.022468750000000003 0.03822014051522248
1 0.493734375 0.5173185011709602 0.02690625 0.021194379391100703
1 0.5060234375 0.5440632318501171 0.029640624999999997 0.027798594847775172
1 0.50390625 0.5188758782201405 0.0301875 0.028711943793911007
