1 0.16304 0.6806 0.07116 0.19664615384615383
1 0.45485000000000003 0.7772 0.07582 0.1675076923076923
1 0.52612 0.7014615384615385 0.06520000000000001 0.18987692307692308
1 0.33306 0.7645846153846154 0.049159999999999995 0.1275076923076923
2 0.41985 0.7530153846153846 0.10258 0.09606153846153846
1 0.58648 0.7547076923076923 0.07288 0.15224615384615384
1 0.3402 0.6506461538461539 0.06584000000000001 0.09612307692307692
1 0.6162799999999999 0.6592615384615386 0.061439999999999995 0.2062769230769231
1 0.5354500000000001 0.542923076923077 0.03446 0.04375384615384616
1 0.39461 0.7298615384615385 0.04834 0.09763076923076923
1 0.5561900000000001 0.6288461538461538 0.06142 0.16396923076923076
