0 0.067187 0.071696 0.134375 0.135895
0 0.499688 0.446111 0.999375 0.892221
0 0.130000 0.549203 0.257500 0.571697
0 0.218750 0.067947 0.195000 0.135895
0 0.296875 0.526242 0.143750 0.257732
0 0.370312 0.284911 0.235625 0.241800
0 0.393125 0.765230 0.261250 0.240862
0 0.461875 0.530927 0.145000 0.263355
0 0.616250 0.283974 0.248750 0.245548
0 0.625312 0.734770 0.233125 0.286785
0 0.624375 0.529991 0.152500 0.242737
0 0.801250 0.101687 0.170000 0.203374
0 0.859063 0.671978 0.280625 0.238051
0 0.891563 0.413777 0.164375 0.109654
0 0.897500 0.536551 0.162500 0.102156
0 0.938438 0.074976 0.121875 0.146205
