0 0.204167 0.454630 0.204629 0.244445
0 0.078703 0.670370 0.157407 0.422222
0 0.183796 0.141204 0.175000 0.117593
0 0.210648 0.229630 0.176852 0.111111
0 0.213426 0.313426 0.167592 0.095370
0 0.341203 0.359259 0.108333 0.190741
0 0.393981 0.402315 0.093519 0.110185
0 0.445833 0.289352 0.145371 0.095370
0 0.439814 0.358333 0.109259 0.081481
0 0.524537 0.759722 0.243518 0.478704
0 0.456018 0.451389 0.054629 0.115740
0 0.527778 0.515740 0.118518 0.461111
0 0.580556 0.313426 0.051851 0.071296
0 0.586574 0.386111 0.060186 0.157408
0 0.646297 0.629166 0.155555 0.369445
0 0.645371 0.349074 0.105555 0.175926
0 0.720371 0.387037 0.211111 0.200000
0 0.667129 0.172223 0.093519 0.259259
0 0.787962 0.156944 0.187037 0.265741
0 0.875463 0.460648 0.247222 0.330556
0 0.862500 0.136111 0.149074 0.159260
0 0.923611 0.134722 0.150926 0.269444
0 0.934259 0.559260 0.129630 0.285185
