0 0.104063 0.918386 0.208125 0.153847
0 0.184375 0.890244 0.368750 0.217636
0 0.188125 0.437148 0.376250 0.305816
0 0.190625 0.719512 0.381250 0.311445
0 0.330625 0.305347 0.193750 0.117260
0 0.393437 0.450750 0.014375 0.111633
0 0.459687 0.469043 0.125625 0.067542
0 0.463438 0.374765 0.123125 0.117261
0 0.495312 0.621951 0.054375 0.228893
0 0.497812 0.776736 0.043125 0.069419
0 0.715625 0.961070 0.406250 0.075985
0 0.721875 0.780957 0.415000 0.334897
0 0.728750 0.454034 0.412500 0.330206
0 0.731875 0.145403 0.401250 0.290807
0 0.931563 0.824109 0.011875 0.143527
