0 0.044375 0.756666 0.088750 0.113333
0 0.088750 0.886667 0.172500 0.223333
0 0.129375 0.729167 0.146250 0.118333
0 0.155000 0.619167 0.182500 0.235000
0 0.220000 0.910000 0.095000 0.176666
0 0.299375 0.565833 0.161250 0.118333
0 0.266250 0.971666 0.090000 0.053333
0 0.399375 0.865833 0.256250 0.265000
0 0.388750 0.500833 0.195000 0.178333
0 0.513750 0.471666 0.197500 0.123333
0 0.593750 0.884167 0.302500 0.228333
0 0.595625 0.686667 0.288750 0.356667
0 0.495000 0.362500 0.080000 0.038334
0 0.497500 0.407500 0.037500 0.021666
0 0.691250 0.644167 0.142500 0.265000
0 0.746250 0.852500 0.027500 0.211666
