0 0.611250 0.487500 0.316250 0.413334
0 0.115000 0.282083 0.153750 0.075833
0 0.150625 0.143334 0.180000 0.161667
0 0.239687 0.189167 0.064375 0.041667
0 0.268125 0.170416 0.050000 0.035833
0 0.293750 0.158334 0.037500 0.046667
0 0.377500 0.469167 0.158750 0.143333
0 0.398125 0.356250 0.115000 0.092500
0 0.409062 0.225416 0.101875 0.060833
0 0.409062 0.282083 0.093125 0.075833
0 0.420000 0.191666 0.046250 0.031667
0 0.511875 0.090000 0.230000 0.180000
0 0.491563 0.189167 0.065625 0.036667
0 0.520625 0.227083 0.070000 0.042500
0 0.559063 0.272084 0.093125 0.044167
0 0.645312 0.154583 0.040625 0.025833
0 0.726562 0.149583 0.068125 0.067500
0 0.791875 0.277917 0.112500 0.070833
0 0.794687 0.150417 0.050625 0.022500
0 0.840625 0.165416 0.046250 0.034167
0 0.885625 0.329583 0.128750 0.077500
0 0.885625 0.193750 0.067500 0.032500
0 0.942187 0.085834 0.114375 0.156667
0 0.948438 0.190000 0.068125 0.043334
