0 0.050937 0.963173 0.101875 0.071766
0 0.012188 0.072710 0.020625 0.069878
0 0.085938 0.057601 0.144375 0.092541
0 0.181875 0.514636 0.261250 0.330501
0 0.201875 0.963173 0.205000 0.071766
0 0.231875 0.050992 0.147500 0.101983
0 0.386563 0.957507 0.169375 0.083098
0 0.385000 0.052880 0.156250 0.105760
0 0.596562 0.965062 0.140625 0.067989
0 0.690625 0.097734 0.137500 0.034939
0 0.738750 0.517470 0.207500 0.307837
0 0.768750 0.959396 0.170000 0.079320
0 0.823125 0.097734 0.102500 0.034939
0 0.910625 0.548159 0.177500 0.242682
0 0.932813 0.959396 0.131875 0.079320
0 0.991563 0.504249 0.015625 0.158640
