0 0.181215 0.258750 0.215782 0.122500
0 0.197625 0.580000 0.209497 0.137500
0 0.278981 0.107500 0.372207 0.186250
0 0.202514 0.706250 0.208100 0.106250
0 0.203562 0.816250 0.206005 0.111250
0 0.240573 0.929063 0.273045 0.128125
0 0.202165 0.369375 0.189246 0.098750
0 0.206355 0.474687 0.189246 0.114375
0 0.400838 0.260625 0.219274 0.130000
0 0.402583 0.604375 0.200419 0.116250
0 0.404678 0.707812 0.200419 0.091875
0 0.398045 0.485625 0.182961 0.112500
0 0.403980 0.377812 0.194833 0.099375
0 0.406425 0.811875 0.192737 0.112500
0 0.519902 0.927812 0.278631 0.123125
0 0.592878 0.458437 0.213687 0.145625
0 0.607891 0.692813 0.199022 0.109375
0 0.627095 0.805937 0.224860 0.118125
0 0.609636 0.350625 0.187151 0.126250
0 0.791201 0.924687 0.270950 0.123125
0 0.780726 0.580313 0.173184 0.109375
0 0.804818 0.464375 0.194833 0.121250
0 0.804469 0.670313 0.191341 0.146875
0 0.834148 0.782812 0.185056 0.156875
