0 0.148438 0.832500 0.264375 0.260000
0 0.061250 0.105833 0.122500 0.211667
0 0.059063 0.549167 0.105625 0.213333
0 0.192188 0.129167 0.146875 0.200000
0 0.186875 0.534583 0.090000 0.177500
0 0.270000 0.961250 0.117500 0.075834
0 0.291563 0.529166 0.088125 0.156667
0 0.307813 0.162500 0.106875 0.198334
0 0.370625 0.517917 0.077500 0.127500
0 0.407187 0.172917 0.099375 0.167500
0 0.439375 0.510416 0.073750 0.119167
0 0.507188 0.688750 0.110625 0.082500
0 0.671875 0.086667 0.393750 0.153333
0 0.526563 0.197916 0.090625 0.140833
0 0.524062 0.891250 0.069375 0.174166
0 0.536875 0.488333 0.067500 0.115000
0 0.559063 0.675000 0.090625 0.075000
0 0.598437 0.655417 0.068125 0.077500
0 0.605625 0.230833 0.080000 0.116667
0 0.610000 0.824583 0.086250 0.182500
0 0.600938 0.490417 0.045625 0.075833
0 0.643437 0.632917 0.068125 0.067500
0 0.651250 0.237500 0.050000 0.123334
0 0.665625 0.791250 0.076250 0.142500
0 0.671875 0.620000 0.063750 0.051666
0 0.721562 0.599166 0.056875 0.051667
0 0.725938 0.731667 0.058125 0.145000
0 0.743750 0.585417 0.048750 0.047500
0 0.763750 0.705000 0.047500 0.115000
0 0.768750 0.580834 0.052500 0.053333
0 0.795312 0.554583 0.056875 0.027500
0 0.798750 0.692500 0.040000 0.096666
0 0.842188 0.657500 0.060625 0.110000
0 0.845938 0.539583 0.056875 0.067500
0 0.858750 0.634583 0.038750 0.119167
0 0.878437 0.508750 0.063125 0.077500
