1 0.6301329243353784 0.3437265625 0.148159509202454 0.097546875
1 0.5161963190184049 0.7064453125 0.15316973415132926 0.119828125
1 0.6270143149284254 0.4473359375 0.19316973415132924 0.157484375
1 0.49367075664621674 0.43707812500000004 0.11740286298568506 0.12390625
1 0.5907055214723926 0.7980234375 0.15875255623721882 0.143796875
1 0.38120654396728015 0.6858984375 0.13607361963190184 0.139390625
1 0.29013292433537835 0.6046484375000001 0.11715746421267893 0.071609375
1 0.4885378323108384 0.8199375 0.08276073619631902 0.1110625
1 0.5679754601226994 0.2455546875 0.05934560327198364 0.044109375
1 0.6621472392638037 0.26170312500000004 0.05157464212678936 0.030343750000000003
1 0.6441513292433537 0.5480546875 0.10208588957055215 0.054265625
