2 0.357203125 0.8096378504672896 0.088625 0.02899532710280374
1 0.349375 0.40567757009345795 0.01215625 0.015373831775700935
1 0.3694765625 0.40644859813084117 0.008796875 0.01677570093457944
1 0.3263671875 0.40278037383177573 0.015296874999999998 0.013271028037383177
1 0.3598203125 0.2455373831775701 0.012234375 0.02621495327102804
1 0.33946875 0.2460514018691589 0.014937500000000001 0.03172897196261682
1 0.45670312499999993 0.25089953271028037 0.01353125 0.0272196261682243
1 0.463390625 0.2523831775700935 0.0089375 0.02574766355140187
1 0.4375078125 0.41098130841121494 0.016609375000000003 0.01369158878504673
1 0.4256171875 0.24882009345794392 0.013640625 0.025677570093457943
1 0.342796875 0.49308411214953274 0.0165 0.01088785046728972
