1 0.5300546875 0.9084270833333333 0.08932812500000001 0.15731250000000002
1 0.46755468749999995 0.6329270833333334 0.047515625 0.12872916666666667
1 0.56153125 0.5269270833333333 0.033187499999999995 0.09352083333333333
1 0.508953125 0.5246458333333333 0.031406250000000004 0.08991666666666666
1 0.5780937500000001 0.4191041666666667 0.025 0.034583333333333334
1 0.49278125 0.49351041666666673 0.029625000000000002 0.07860416666666666
1 0.5285390624999999 0.42335416666666664 0.019921875 0.043791666666666666
1 0.5421171875 0.6455520833333334 0.048546875 0.1333125
1 0.5368359375 0.6722812499999999 0.044703124999999996 0.1461875
1 0.5126406250000001 0.4157291666666667 0.012843750000000001 0.02783333333333333
