1 0.929296875 0.7561979166666667 0.029031249999999998 0.0543125
2 0.3326484375 0.6271041666666667 0.065515625 0.022833333333333334
2 0.569125 0.5256666666666666 0.0904375 0.050124999999999996
2 0.321546875 0.46830208333333334 0.03775 0.01872916666666667
1 0.9196562500000001 0.6834479166666667 0.0248125 0.058687500000000004
1 0.8700390625000001 0.6883125 0.024234375 0.043166666666666666
1 0.854125 0.6970104166666666 0.02084375 0.04402083333333333
1 0.8217578124999999 0.6961354166666667 0.022828124999999998 0.041479166666666664
2 0.389671875 0.6331354166666667 0.06553125 0.026770833333333334
2 0.40709375000000003 0.6506145833333332 0.0311875 0.030270833333333334
1 0.9445390625 0.6954270833333334 0.024109375 0.029437500000000002
2 0.6473125000000001 0.5451770833333334 0.040531250000000005 0.040854166666666664
2 0.9616875 0.7157604166666667 0.04796875 0.026312500000000003
2 0.356328125 0.6546666666666667 0.02759375 0.033375
2 0.348859375 0.4680729166666666 0.02578125 0.022020833333333333
