3 0.7022890625 0.7131151832460734 0.080921875 0.02787085514834206
3 0.7597109375 0.6847382198952879 0.045578125000000004 0.02567190226876091
3 0.6665390625000001 0.6831239092495637 0.064546875 0.029808027923211165
3 0.5018984375 0.7254188481675393 0.099234375 0.02567190226876091
3 0.47885156250000005 0.7091884816753927 0.084359375 0.027102966841186734
3 0.46989062499999995 0.6802006980802793 0.073125 0.02706806282722513
3 0.5090625 0.6607329842931937 0.037343749999999995 0.028097731239092497
3 0.5556093750000001 0.6581849912739965 0.04040625 0.02719022687609075
3 0.58075 0.6420506108202443 0.06340625 0.03226876090750436
3 0.6324921875 0.6414485165794066 0.031640625 0.027678883071553226
3 0.440125 0.6560034904013962 0.0553125 0.02554973821989529
3 0.3790703125 0.7016317626527051 0.056359375 0.0237521815008726
3 0.36882031249999997 0.7183856893542758 0.083140625 0.02389179755671902
3 0.52109375 0.555846422338569 0.2578125 0.2286212914485166
