1 0.73134375 0.4318958333333333 0.047843750000000004 0.064375
1 0.4330234375 0.79540625 0.049421875 0.15472916666666667
1 0.36753125 0.7241354166666666 0.039125 0.0654375
1 0.272375 0.7864687499999999 0.04375 0.14135416666666664
1 0.3090546875 0.7941458333333333 0.039203125 0.15229166666666666
1 0.45423437499999997 0.7327395833333334 0.0445625 0.0566875
1 0.34452343750000003 0.74796875 0.044421875 0.059895833333333336
1 0.288734375 0.7268854166666667 0.03028125 0.0676875
1 0.39983593749999996 0.7326666666666667 0.038296875 0.05716666666666667
1 0.31980468749999996 0.7251458333333333 0.041640625 0.029291666666666667
1 0.3435390625 0.6935729166666668 0.022265625 0.037270833333333336
1 0.3415 0.8745416666666668 0.0491875 0.014750000000000001
1 0.4214765625 0.7142291666666666 0.028484375 0.03854166666666667
