1 0.9297421875000002 0.7110104166666668 0.027953125000000002 0.04727083333333334
2 0.5319296875 0.5626979166666666 0.073453125 0.0404375
2 0.3565 0.6104166666666667 0.049 0.08016666666666666
2 0.3768203125 0.5169895833333333 0.059984375 0.025437500000000002
1 0.9587890625 0.7043750000000001 0.026703125 0.04704166666666666
1 0.9036171875000001 0.7230104166666667 0.029515625 0.0496875
2 0.47682031249999995 0.6379895833333333 0.094203125 0.03222916666666667
2 0.4470703125 0.6801354166666667 0.031578125 0.03985416666666666
2 0.389234375 0.6280625000000001 0.0268125 0.07391666666666666
2 0.590765625 0.5584895833333333 0.04578125 0.0540625
