3 0.2665546875 0.5924583333333333 0.036296875 0.025249999999999998
1 0.3988359375 0.79440625 0.048265625 0.10610416666666667
1 0.5797343749999999 0.6207708333333334 0.03771875 0.07620833333333334
1 0.6165859375 0.73415625 0.047953125 0.12789583333333335
1 0.58740625 0.7236145833333334 0.02315625 0.09264583333333333
1 0.48901562500000006 0.6274583333333333 0.035875000000000004 0.07804166666666666
1 0.5771328125 0.5049375 0.027640625000000002 0.021166666666666667
1 0.5811796875 0.5371145833333333 0.028640624999999996 0.052812500000000005
1 0.49265625 0.5492291666666667 0.028718749999999998 0.08366666666666665
1 0.5970703125 0.9303958333333333 0.068265625 0.12291666666666666
1 0.67421875 0.634375 0.5171875 0.5020833333333333
