3 0.46313 0.38167999999999996 0.02834 0.05039999999999999
3 0.52838 0.35189333333333334 0.026719999999999997 0.06176
3 0.64535 0.4050666666666667 0.02314 0.05653333333333333
3 0.56086 0.41774666666666666 0.02788 0.050853333333333334
3 0.50244 0.41092 0.02484 0.08418666666666667
3 0.5831900000000001 0.43526666666666675 0.01194 0.0716
3 0.40447000000000005 0.5114266666666667 0.02574 0.05928
3 0.66198 0.2932 0.05044 0.036213333333333333
3 0.61899 0.35632 0.0249 0.07056
3 0.33676 0.3891466666666666 0.053439999999999994 0.06389333333333333
3 0.43001 0.3971466666666666 0.0261 0.050879999999999995
