1 0.2556484375 0.7816979166666667 0.108359375 0.1753125
1 0.0329140625 0.9233645833333333 0.065828125 0.1010625
1 0.122109375 0.9707187500000001 0.09334375 0.0574375
1 0.13599999999999998 0.9018125 0.07775 0.0455
1 0.1355234375 0.92440625 0.060828125 0.0198125
1 0.343109375 0.46463541666666663 0.050687499999999996 0.09093749999999999
1 0.134171875 0.88490625 0.07334375 0.05589583333333333
1 0.0345625 0.9800104166666667 0.069125 0.03802083333333333
1 0.1370390625 0.9206875 0.072453125 0.04045833333333334
1 0.1385625 0.9298020833333334 0.07053125 0.03972916666666667
1 0.13389062499999999 0.8755833333333333 0.076625 0.07579166666666667
