1 0.5350702576112412 0.132171875 0.47782201405152225 0.26237499999999997
3 0.6173536299765808 0.551734375 0.7652927400468383 0.34246875
3 0.34565573770491803 0.6802343750000001 0.5234426229508197 0.14940625000000002
3 0.4861592505854801 0.3081953125 0.37559718969555034 0.138171875
3 0.7774941451990632 0.46158593750000004 0.4387822014051523 0.177984375
3 0.3082786885245901 0.4803046875 0.30395784543325527 0.259421875
3 0.739847775175644 0.6656875 0.36733021077283373 0.1330625
3 0.09537470725995316 0.8532421874999999 0.1751990632318501 0.163640625
3 0.8503747072599532 0.340765625 0.2992505854800937 0.14284375
3 0.36648711943793916 0.47652343750000004 0.3669320843091335 0.217234375
3 0.08782201405152225 0.5143281249999999 0.1756440281030445 0.296875
3 0.5109250585480094 0.5782499999999999 0.08943793911007025 0.030343750000000003
3 0.07971896955503513 0.42614843750000003 0.15943793911007026 0.082890625
