1 0.6037343749999999 0.6597291666666667 0.06971875 0.13041666666666668
1 0.5367031250000001 0.6481666666666667 0.06071875 0.111125
1 0.49128906249999993 0.96015625 0.08445312499999999 0.0796875
1 0.46889843750000004 0.8726875 0.078859375 0.14541666666666667
1 0.5552421875 0.8916458333333334 0.077171875 0.157
1 0.5041953125 0.7492395833333333 0.138140625 0.26739583333333333
1 0.57984375 0.9464479166666667 0.07934375 0.10464583333333333
3 0.5890703125 0.4951770833333333 0.041328125 0.0580625
3 0.588578125 0.49316666666666664 0.0366875 0.015166666666666667
3 0.5134296875000001 0.49611458333333336 0.040234375 0.059062500000000004
