1 0.8290625 0.5411666666666667 0.031875 0.06516666666666666
1 0.7414531249999999 0.6403125000000001 0.034187499999999996 0.09608333333333333
2 0.40863281249999994 0.5362395833333333 0.031515625000000005 0.02822916666666667
2 0.8186328125 0.6071041666666667 0.063078125 0.03716666666666667
1 0.75234375 0.5274895833333333 0.0319375 0.07577083333333333
1 0.793546875 0.5472812499999999 0.03359375 0.06622916666666666
2 0.599953125 0.53653125 0.01803125 0.0169375
3 0.682453125 0.7492291666666666 0.04025 0.04533333333333334
2 0.6029843749999999 0.46517708333333335 0.0260625 0.02422916666666667
2 0.7789453125000001 0.6404166666666667 0.048015625 0.021791666666666668
