3 0.49609375 0.6875 0.20625 0.4007009345794392
3 0.1615546875 0.47864485981308413 0.157796875 0.5033644859813085
3 0.8303046875 0.4353971962616822 0.12173437499999999 0.3078504672897196
3 0.30314843750000003 0.4573481308411215 0.113453125 0.3958644859813084
3 0.40825000000000006 0.5003621495327102 0.1329375 0.33932242990654204
3 0.6662578125 0.37311915887850466 0.078890625 0.19044392523364487
3 0.5749453124999999 0.3831191588785047 0.093796875 0.20521028037383177
3 0.46860156250000007 0.38632009345794394 0.098015625 0.234696261682243
3 0.6604296875 0.5716705607476635 0.267015625 0.24507009345794392
3 0.737796875 0.36907710280373834 0.07484375 0.2283878504672897
