1 0.21285156249999998 0.2784192037470726 0.023734375 0.031264637002341916
1 0.11175781250000001 0.2574824355971897 0.016796875 0.039367681498829035
1 0.24860156250000004 0.28101873536299765 0.016390625 0.03964871194379391
1 0.10396093749999999 0.3308665105386417 0.008234374999999999 0.0331615925058548
1 0.11436718750000001 0.33320843091334895 0.016296875 0.03583138173302108
1 0.1394609375 0.3327049180327869 0.016421875 0.03206088992974239
1 0.09512499999999999 0.25756440281030446 0.01353125 0.03203747072599532
1 0.20568749999999997 0.32338407494145194 0.005124999999999999 0.01262295081967213
1 0.2322265625 0.2783372365339578 0.013828125 0.04266978922716627
1 0.206546875 0.34413348946135836 0.00465625 0.02629976580796253
