1 0.44761718749999996 0.6646604215456674 0.029359375 0.07386416861826697
1 0.5702578125 0.7854215456674473 0.035640624999999995 0.1117798594847775
1 0.49333593749999993 0.6872365339578456 0.024859375 0.05962529274004684
1 0.7667343750000001 0.9642974238875878 0.048343750000000005 0.07140515222482435
1 0.4748828124999999 0.5978220140515222 0.019234375 0.048665105386416864
1 0.40544531250000004 0.6295316159250586 0.015921875 0.04276346604215457
1 0.4238671875000001 0.6253629976580797 0.023578125 0.05831381733021077
3 0.49623437500000006 0.5786182669789227 0.02634375 0.015081967213114755
3 0.41871093750000005 0.6742505854800938 0.035703125 0.025925058548009368
1 0.7183515625 0.9522716627634661 0.048390625 0.09545667447306791
1 0.5033046875 0.62384074941452 0.029453125000000004 0.062154566744730674
1 0.6194453125 0.6969320843091334 0.027703125000000002 0.0638407494145199
1 0.4057343749999999 0.5869672131147541 0.019625 0.05079625292740047
1 0.9524140625000002 0.8004918032786885 0.09517187499999999 0.10210772833723654
