1 0.47735 0.84632 0.04206 0.0752
1 0.57113 0.9030533333333333 0.046020000000000005 0.08178666666666667
1 0.60814 0.9260666666666667 0.04596 0.08424
1 0.5409400000000001 0.8838933333333333 0.04348 0.07898666666666666
1 0.5109 0.86528 0.04264 0.07253333333333332
1 0.14001 0.7337199999999999 0.02906 0.057306666666666665
1 0.43177 0.9578133333333334 0.051859999999999996 0.08437333333333333
1 0.03223 0.84636 0.0371 0.07032000000000001
1 0.12855 0.8666533333333334 0.041659999999999996 0.07634666666666666
1 0.11004 0.7499066666666667 0.03648 0.06162666666666666
1 0.07074 0.75892 0.03352 0.06029333333333333
1 0.14980000000000002 0.8899199999999999 0.044039999999999996 0.07914666666666667
1 0.65199 0.942 0.047060000000000005 0.08853333333333334
1 0.498 0.6813333333333333 0.98 0.632
