1 0.079703125 0.7767529411764706 0.028718749999999998 0.05990588235294118
1 0.882671875 0.8366588235294119 0.03603125 0.0316235294117647
1 0.8674531250000002 0.8797764705882354 0.02134375 0.05343529411764706
1 0.9242421875 0.8544588235294117 0.010078125 0.033529411764705884
1 0.9333359375000001 0.8486823529411764 0.005671875 0.026258823529411765
1 0.8790312499999999 0.815564705882353 0.01615625 0.026752941176470587
1 0.914109375 0.9351294117647059 0.02628125 0.054023529411764706
1 0.913125 0.8995647058823529 0.0411875 0.05757647058823529
1 0.8888125 0.874 0.013625000000000002 0.05143529411764706
1 0.9169921875 0.856764705882353 0.010328125 0.03696470588235294
1 0.9442812500000001 0.8427882352941176 0.0096875 0.027976470588235297
1 0.9560078125 0.8682941176470588 0.0053906250000000005 0.029529411764705884
1 0.9039765624999999 0.8625058823529411 0.008671874999999999 0.035552941176470586
1 0.853125 0.7529411764705882 0.2125 0.3952941176470588
