0 0.519062 0.521250 0.186875 0.152500
0 0.025625 0.745834 0.051250 0.313333
0 0.034688 0.750000 0.069375 0.328334
0 0.584062 0.640000 0.353125 0.718334
0 0.582812 0.632083 0.334375 0.712500
0 0.686562 0.837500 0.243125 0.323334
0 0.734375 0.675000 0.196250 0.145000
0 0.740938 0.675000 0.185625 0.145000
0 0.795937 0.321250 0.053125 0.067500
0 0.864375 0.430417 0.185000 0.282500
0 0.812500 0.471666 0.076250 0.151667
0 0.841562 0.324583 0.056875 0.067500
0 0.890000 0.475000 0.115000 0.158334
0 0.895938 0.323750 0.056875 0.044166
0 0.893437 0.382917 0.046875 0.067500
