0 0.158985 0.741667 0.124219 0.206250
0 0.189453 0.826563 0.111718 0.251041
0 0.460547 0.579167 0.646094 0.839583
0 0.219141 0.664583 0.128907 0.260417
0 0.214453 0.495833 0.091406 0.208333
0 0.382812 0.915104 0.329687 0.167708
0 0.355078 0.757812 0.244532 0.309375
0 0.434375 0.252083 0.385938 0.162500
0 0.514453 0.409895 0.546094 0.178125
0 0.417188 0.560937 0.328125 0.271875
0 0.524218 0.751563 0.132813 0.223959
0 0.632812 0.883854 0.181249 0.230208
0 0.667578 0.546355 0.189844 0.184375
0 0.657031 0.713542 0.159375 0.227083
0 0.705859 0.247916 0.183594 0.145833
0 0.841797 0.501042 0.224218 0.566667
0 0.820312 0.731250 0.173437 0.133334
0 0.829687 0.638021 0.178125 0.132292
0 0.838672 0.461979 0.172656 0.113542
0 0.839453 0.551562 0.169532 0.117709
0 0.855078 0.355208 0.174218 0.131250
0 0.849219 0.263020 0.103125 0.096875
