0 0.016875 0.296250 0.033750 0.137500
0 0.026562 0.410833 0.053125 0.153333
0 0.259688 0.650833 0.519375 0.661667
0 0.109375 0.361667 0.158750 0.090000
0 0.118125 0.390833 0.153750 0.110000
0 0.123125 0.433750 0.155000 0.075834
0 0.071875 0.484167 0.037500 0.045000
0 0.383125 0.312084 0.210000 0.175833
0 0.308125 0.423750 0.032500 0.040834
0 0.596875 0.472083 0.128750 0.134167
0 0.634375 0.604584 0.160000 0.265833
0 0.676875 0.805417 0.222500 0.287500
0 0.753750 0.418750 0.115000 0.130834
0 0.769688 0.474583 0.136875 0.145833
0 0.773750 0.601250 0.126250 0.295834
0 0.890625 0.467500 0.217500 0.511666
0 0.929063 0.506250 0.140625 0.159166
0 0.937500 0.830833 0.123750 0.270000
