0 0.207188 0.430416 0.176875 0.179167
0 0.326250 0.501667 0.262500 0.221667
0 0.286250 0.295416 0.127500 0.129167
0 0.374062 0.313333 0.184375 0.141667
0 0.493437 0.337500 0.173125 0.155000
0 0.609375 0.357917 0.153750 0.147500
0 0.579688 0.124583 0.058125 0.129167
0 0.584688 0.040834 0.065625 0.058333
0 0.576563 0.006666 0.030625 0.013333
0 0.592188 0.055834 0.050625 0.053333
0 0.607812 0.011666 0.025625 0.023333
0 0.758750 0.482500 0.270000 0.253334
0 0.759688 0.395000 0.243125 0.133334
0 0.766563 0.336250 0.213125 0.184166
0 0.793438 0.819167 0.223125 0.360000
