0 0.205758 0.328651 0.141854 0.185393
0 0.242978 0.495318 0.176967 0.230337
0 0.308989 0.205993 0.126404 0.157303
0 0.375000 0.739700 0.199438 0.262172
0 0.398876 0.500937 0.140449 0.185393
0 0.437500 0.156367 0.130618 0.155430
0 0.580758 0.451311 0.178371 0.213483
0 0.589888 0.774344 0.165730 0.241573
0 0.584971 0.147004 0.139045 0.140449
0 0.686798 0.604869 0.160112 0.224719
0 0.688905 0.330524 0.133427 0.181648
0 0.700843 0.191947 0.148876 0.140449
0 0.783006 0.819289 0.169943 0.256555
0 0.804775 0.454120 0.171348 0.215356
0 0.879214 0.262173 0.162921 0.168539
0 0.909410 0.684457 0.172752 0.245318
0 0.936797 0.411985 0.123595 0.209738
