0 0.488249 0.419141 0.118684 0.027344
0 0.559342 0.676172 0.232668 0.127344
0 0.555817 0.543750 0.213866 0.085938
0 0.576380 0.841016 0.236193 0.128906
0 0.612808 0.412891 0.118684 0.025781
0 0.616334 0.385938 0.069330 0.017187
0 0.639836 0.187891 0.064629 0.060156
0 0.787309 0.551953 0.227968 0.077344
0 0.797297 0.681641 0.243243 0.127344
0 0.714454 0.256640 0.047003 0.024219
0 0.752057 0.833984 0.122209 0.094531
0 0.727967 0.214843 0.066980 0.067187
0 0.790834 0.222656 0.049354 0.085937
0 0.836075 0.236328 0.041128 0.055468
0 0.838426 0.180469 0.036427 0.064062
0 0.886604 0.192969 0.090482 0.137500
