0 0.097187 0.811914 0.194375 0.241088
0 0.161875 0.285178 0.323750 0.435272
0 0.258125 0.211538 0.515000 0.423077
0 0.081250 0.706379 0.113750 0.148218
0 0.091875 0.598499 0.092500 0.121952
0 0.300312 0.607880 0.341875 0.354596
0 0.455937 0.833020 0.643125 0.332083
0 0.604688 0.409006 0.533125 0.716698
0 0.532813 0.759850 0.366875 0.392120
0 0.755313 0.152908 0.488125 0.305816
0 0.777500 0.108349 0.443750 0.216698
0 0.752500 0.882270 0.242500 0.233584
0 0.809375 0.570825 0.163750 0.554409
0 0.921875 0.903377 0.155000 0.191370
