0 0.631563 0.578333 0.138125 0.192222
0 0.230625 0.481667 0.461250 0.512222
0 0.341250 0.565000 0.101250 0.141112
0 0.348125 0.733889 0.112500 0.154444
0 0.365000 0.883889 0.117500 0.132222
0 0.429063 0.550555 0.094375 0.134445
0 0.459375 0.728333 0.098750 0.212222
0 0.464375 0.890556 0.091250 0.127777
0 0.521875 0.441111 0.091250 0.148889
0 0.518437 0.574445 0.074375 0.113333
0 0.545000 0.732222 0.111250 0.188889
0 0.559688 0.880556 0.105625 0.130000
0 0.601562 0.340556 0.124375 0.121111
0 0.611563 0.217777 0.119375 0.153333
0 0.614062 0.454444 0.093125 0.115555
0 0.642813 0.743889 0.079375 0.130000
0 0.655625 0.870556 0.097500 0.114445
0 0.699375 0.088334 0.148750 0.143333
0 0.696562 0.329445 0.076875 0.107777
0 0.722187 0.470556 0.128125 0.165555
0 0.704375 0.211666 0.090000 0.141111
0 0.733125 0.745000 0.096250 0.145556
0 0.744375 0.855555 0.095000 0.124445
0 0.747188 0.613889 0.080625 0.125556
0 0.787187 0.202777 0.085625 0.118889
0 0.824375 0.335000 0.142500 0.163334
0 0.820312 0.722778 0.090625 0.136667
0 0.823125 0.838334 0.088750 0.114445
0 0.836562 0.475000 0.089375 0.156666
0 0.837812 0.591666 0.089375 0.134445
