0 0.011539 0.253668 0.023077 0.235941
0 0.161923 0.541565 0.323846 0.474328
0 0.149615 0.221882 0.263846 0.204157
0 0.200000 0.158924 0.207692 0.200489
0 0.465000 0.707213 0.400770 0.551345
0 0.346538 0.330684 0.137693 0.211491
0 0.380000 0.218216 0.078462 0.047677
0 0.571539 0.312348 0.313847 0.284841
0 0.645000 0.177872 0.270000 0.077017
0 0.680770 0.151589 0.269231 0.085575
0 0.753462 0.130807 0.231539 0.088020
0 0.823462 0.536675 0.351539 0.643032
0 0.876923 0.448044 0.244616 0.548900
0 0.921539 0.179095 0.155385 0.072127
