0 0.396563 0.340834 0.200625 0.183333
0 0.169375 0.850000 0.226250 0.146666
0 0.151562 0.942083 0.179375 0.089167
0 0.199375 0.144584 0.272500 0.199167
0 0.207500 0.326250 0.232500 0.180834
0 0.205000 0.453750 0.201250 0.177500
0 0.230937 0.730000 0.248125 0.200000
0 0.206875 0.605417 0.161250 0.132500
0 0.608750 0.925000 0.742500 0.148334
0 0.435000 0.459583 0.283750 0.169167
0 0.369688 0.110833 0.120625 0.160000
0 0.445937 0.585417 0.266875 0.199167
0 0.507812 0.245416 0.246875 0.139167
0 0.472187 0.732917 0.168125 0.132500
0 0.478750 0.807917 0.181250 0.182500
0 0.522813 0.106666 0.185625 0.141667
0 0.555625 0.372917 0.115000 0.142500
0 0.582812 0.674167 0.060625 0.091667
0 0.581562 0.775000 0.026875 0.090000
0 0.590000 0.477500 0.031250 0.108334
0 0.595000 0.586250 0.031250 0.109166
0 0.760938 0.774166 0.360625 0.218333
0 0.755313 0.884167 0.335625 0.095000
0 0.686875 0.338334 0.150000 0.133333
0 0.677188 0.462083 0.123125 0.119167
0 0.690000 0.545000 0.127500 0.053334
0 0.718438 0.197917 0.184375 0.147500
0 0.672500 0.661250 0.090000 0.172500
0 0.826875 0.670833 0.226250 0.205000
0 0.835312 0.420000 0.196875 0.193334
0 0.839375 0.569167 0.198750 0.163333
0 0.836875 0.246250 0.116250 0.140834
