0 0.531250 0.148535 0.075000 0.077405
0 0.558594 0.084205 0.070312 0.114016
0 0.589063 0.177301 0.060937 0.099372
0 0.632031 0.191422 0.062500 0.112971
0 0.656250 0.078975 0.042188 0.093096
0 0.691406 0.105126 0.081250 0.105649
0 0.694141 0.200314 0.058593 0.107740
0 0.731640 0.507845 0.063281 0.139121
0 0.739453 0.427824 0.042969 0.089958
0 0.766406 0.336297 0.096875 0.118200
0 0.773047 0.440899 0.071094 0.095189
0 0.800781 0.557009 0.106250 0.139121
0 0.809765 0.351465 0.080469 0.121339
0 0.825390 0.455021 0.085157 0.117154
0 0.821094 0.277720 0.073438 0.042887
0 0.834766 0.592050 0.088281 0.087866
0 0.865625 0.541841 0.039062 0.039748
0 0.866797 0.328452 0.033594 0.075314
0 0.879687 0.424687 0.053125 0.117155
0 0.881251 0.477510 0.046875 0.084728
