0 0.013125 0.011194 0.026250 0.022388
0 0.013750 0.121269 0.027500 0.029851
0 0.016250 0.068097 0.032500 0.061568
0 0.038750 0.416978 0.077500 0.210821
0 0.048125 0.239739 0.096250 0.207090
0 0.058750 0.694030 0.117500 0.313433
0 0.060000 0.837687 0.120000 0.320895
0 0.068750 0.540112 0.137500 0.285448
0 0.040000 0.125000 0.032500 0.029850
0 0.045625 0.012127 0.041250 0.024254
0 0.056875 0.059701 0.058750 0.063433
0 0.090625 0.350746 0.053750 0.149254
0 0.121250 0.091418 0.080000 0.108209
0 0.263125 0.232276 0.353750 0.438433
0 0.465000 0.683769 0.712500 0.628731
0 0.350000 0.055038 0.320000 0.110075
0 0.442500 0.291978 0.130000 0.229477
0 0.412500 0.172575 0.032500 0.024253
0 0.562500 0.278918 0.272500 0.274254
0 0.519375 0.057836 0.028750 0.115672
0 0.558125 0.054104 0.051250 0.108209
0 0.596250 0.063433 0.050000 0.126866
0 0.640625 0.224813 0.051250 0.035447
0 0.636250 0.101679 0.032500 0.035448
0 0.646875 0.068097 0.048750 0.031716
0 0.736875 0.379664 0.036250 0.102612
0 0.779375 0.239739 0.106250 0.195896
0 0.787500 0.100746 0.100000 0.074627
0 0.791875 0.393657 0.101250 0.111940
0 0.866875 0.474813 0.198750 0.207089
0 0.888125 0.775187 0.221250 0.445895
0 0.835625 0.039179 0.068750 0.078358
0 0.921250 0.352612 0.155000 0.085820
0 0.871250 0.073694 0.032500 0.046642
0 0.956875 0.050373 0.083750 0.093284
0 0.960625 0.305038 0.076250 0.117537
0 0.963750 0.482276 0.070000 0.195896
0 0.966250 0.179104 0.065000 0.097015
