0 0.271562 0.693750 0.543125 0.610834
0 0.114375 0.800833 0.227500 0.396667
0 0.128437 0.689167 0.158125 0.170000
0 0.216875 0.612500 0.180000 0.178334
0 0.229063 0.820833 0.170625 0.238333
0 0.468125 0.248334 0.578750 0.496667
0 0.290000 0.714167 0.123750 0.190000
0 0.426875 0.242917 0.242500 0.232500
0 0.653125 0.693750 0.692500 0.610834
0 0.462813 0.062083 0.066875 0.070833
0 0.494687 0.165833 0.106875 0.095000
0 0.546875 0.236250 0.121250 0.112500
0 0.600000 0.853750 0.077500 0.175834
0 0.603750 0.690833 0.070000 0.153333
0 0.610938 0.554584 0.068125 0.125833
0 0.672813 0.699583 0.068125 0.145833
0 0.676875 0.857083 0.073750 0.179167
0 0.674063 0.560000 0.063125 0.121666
0 0.736875 0.567084 0.065000 0.125833
0 0.743125 0.704167 0.070000 0.155000
0 0.751562 0.866667 0.084375 0.170000
0 0.803750 0.572083 0.072500 0.125833
0 0.813750 0.709167 0.076250 0.151667
0 0.833750 0.872084 0.085000 0.180833
0 0.864375 0.577916 0.077500 0.124167
0 0.885312 0.715834 0.080625 0.151667
0 0.909687 0.879583 0.093125 0.182500
0 0.929375 0.578750 0.085000 0.125834
0 0.951875 0.717500 0.088750 0.158334
0 0.967500 0.884583 0.063750 0.179167
