0 0.046875 0.180208 0.093750 0.360417
0 0.049219 0.682292 0.098438 0.464583
0 0.057031 0.962500 0.114063 0.070834
0 0.147656 0.907292 0.192188 0.181250
0 0.142188 0.636458 0.162500 0.393750
0 0.160156 0.188542 0.132812 0.377083
0 0.554688 0.801042 0.778125 0.393750
0 0.259375 0.848958 0.137500 0.156250
0 0.268750 0.240625 0.087500 0.310416
0 0.275000 0.604167 0.087500 0.304167
0 0.322656 0.776042 0.085938 0.089583
0 0.332032 0.278125 0.054687 0.272916
0 0.336719 0.592708 0.057812 0.256250
0 0.373437 0.736459 0.084375 0.089583
0 0.381250 0.315625 0.059375 0.227084
0 0.396093 0.577083 0.048437 0.220833
0 0.418749 0.710417 0.078125 0.079167
0 0.435937 0.700000 0.084375 0.045834
0 0.423438 0.339584 0.040625 0.183333
0 0.431250 0.559375 0.031250 0.193750
0 0.453906 0.668750 0.070312 0.054166
0 0.455468 0.558334 0.023437 0.166667
0 0.453125 0.358333 0.012500 0.150000
0 0.472657 0.368750 0.023437 0.145834
0 0.476562 0.544792 0.028125 0.156250
0 0.492969 0.537500 0.029687 0.141666
0 0.496094 0.645833 0.035938 0.041667
0 0.492969 0.378125 0.014062 0.135416
0 0.504687 0.635417 0.034375 0.041667
0 0.510156 0.387500 0.017188 0.125000
0 0.514062 0.531250 0.018751 0.120834
0 0.567187 0.393750 0.071875 0.104166
0 0.571094 0.530209 0.064063 0.102083
0 0.643750 0.384375 0.075000 0.106250
0 0.646094 0.526042 0.067188 0.102083
0 0.730468 0.383333 0.073437 0.104167
0 0.731249 0.526042 0.071875 0.114583
0 0.808593 0.520833 0.073437 0.108333
0 0.807813 0.388541 0.065625 0.097917
0 0.889062 0.377084 0.081251 0.104167
0 0.896875 0.526042 0.075000 0.093750
0 0.904687 0.615625 0.056251 0.035416
0 0.962500 0.656250 0.071876 0.108334
0 0.966406 0.516667 0.064063 0.108333
0 0.967969 0.375000 0.060938 0.104166
