0 0.197916 0.386111 0.320833 0.244444
0 0.128125 0.850695 0.156250 0.106945
0 0.154167 0.726389 0.158333 0.130556
0 0.245833 0.819445 0.141667 0.086111
0 0.290625 0.659722 0.185416 0.102778
0 0.295833 0.895833 0.179167 0.119445
0 0.378125 0.142361 0.297916 0.229166
0 0.471875 0.510417 0.314584 0.126389
0 0.495834 0.356250 0.316667 0.204166
0 0.406250 0.765972 0.116666 0.118056
0 0.425000 0.856944 0.145834 0.111111
0 0.691666 0.127778 0.370833 0.211111
0 0.743750 0.801389 0.291666 0.188889
0 0.770833 0.502777 0.300000 0.136111
0 0.783333 0.331250 0.287500 0.198612
