0 0.168437 0.852083 0.284375 0.294167
0 0.299687 0.639584 0.319375 0.189167
0 0.380312 0.831250 0.323125 0.335834
0 0.408750 0.631250 0.237500 0.220834
0 0.485000 0.492500 0.230000 0.201666
0 0.498437 0.207917 0.223125 0.190833
0 0.614688 0.522917 0.225625 0.234167
0 0.617812 0.661666 0.211875 0.188333
0 0.721250 0.722916 0.300000 0.324167
0 0.761250 0.542500 0.080000 0.111666
0 0.772500 0.447083 0.081250 0.130833
0 0.815000 0.221667 0.130000 0.106667
0 0.856563 0.494583 0.096875 0.097500
0 0.867500 0.187083 0.077500 0.127500
