0 0.111250 0.451562 0.222500 0.503125
0 0.080313 0.683334 0.038125 0.091667
0 0.108437 0.660417 0.033125 0.081250
0 0.137188 0.643750 0.036875 0.060416
0 0.162187 0.633333 0.030625 0.064583
0 0.195312 0.620313 0.033125 0.076041
0 0.253125 0.665104 0.071250 0.140625
0 0.302500 0.578125 0.155000 0.185416
0 0.275625 0.404687 0.096250 0.192709
0 0.355625 0.458333 0.061250 0.160417
0 0.388437 0.406250 0.073125 0.162500
0 0.569688 0.626042 0.299375 0.175000
0 0.525000 0.471875 0.200000 0.189584
0 0.617500 0.402604 0.060000 0.132292
0 0.744375 0.367188 0.218750 0.288541
0 0.678438 0.263020 0.043125 0.128125
0 0.774063 0.633333 0.041875 0.097917
0 0.938750 0.729167 0.121250 0.393750
