0 0.118750 0.823333 0.237500 0.146667
0 0.215313 0.705417 0.255625 0.172500
0 0.424063 0.860834 0.480625 0.276667
0 0.336562 0.571667 0.209375 0.136667
0 0.454063 0.677917 0.359375 0.232500
0 0.458750 0.459167 0.223750 0.050000
0 0.530625 0.527500 0.262500 0.103334
0 0.509062 0.428334 0.130625 0.063333
0 0.527813 0.402500 0.121875 0.050000
0 0.583438 0.332500 0.066875 0.035000
0 0.769062 0.678333 0.371875 0.211667
0 0.630000 0.356666 0.085000 0.058333
0 0.800312 0.873750 0.398125 0.250834
0 0.704687 0.506667 0.178125 0.103333
0 0.726875 0.409166 0.157500 0.101667
0 0.832812 0.594583 0.281875 0.189167
0 0.900625 0.508750 0.195000 0.084166
0 0.817813 0.435000 0.026875 0.056666
0 0.876875 0.348333 0.127500 0.116667
0 0.901875 0.451250 0.141250 0.030834
0 0.977500 0.696667 0.043750 0.160000
