0 0.233750 0.089147 0.098750 0.043189
0 0.240000 0.037098 0.101250 0.074197
0 0.563438 0.569214 0.074375 0.084164
0 0.601875 0.729789 0.048750 0.075305
0 0.603750 0.843854 0.042500 0.170542
0 0.650000 0.524363 0.132500 0.202658
0 0.655000 0.342747 0.142500 0.211517
0 0.659687 0.617940 0.133125 0.186046
0 0.748125 0.797896 0.243750 0.401994
0 0.735313 0.258582 0.135625 0.120709
0 0.727500 0.186047 0.102500 0.062015
0 0.765937 0.375969 0.079375 0.136212
0 0.803750 0.506090 0.150000 0.170543
0 0.837813 0.713178 0.184375 0.363234
0 0.834688 0.639535 0.175625 0.220376
0 0.802500 0.217608 0.083750 0.142858
0 0.851562 0.480066 0.128125 0.153931
0 0.832812 0.153377 0.074375 0.054263
0 0.825000 0.344407 0.048750 0.101883
0 0.874375 0.405869 0.103750 0.142857
0 0.875312 0.161683 0.024375 0.070875
0 0.927812 0.514950 0.031875 0.099668
0 0.930000 0.614065 0.020000 0.142857
0 0.937188 0.556478 0.024375 0.040975
0 0.943437 0.719823 0.029375 0.126246
0 0.971562 0.665559 0.055625 0.188261
